Using sigma=1
The means are:
[[19.04, 2.15], [22.51, 28.06], [10.33, 48.52], [45.28, 35.09], [37.23, 26.73], [8.57, 8.12], [29.91, 46.07], [11.1, 38.59], [1.45, 15.59], [42.82, 27.91], [42.65, 43.72], [42.36, 18.69], [25.92, 16.06], [13.76, 41.06], [35.58, 37.7], [7.16, 10.67], [24.75, 45.07], [25.89, 4.82], [39.82, 39.68], [11.16, 0.05], [28.86, 11.38], [10.76, 39.3], [48.59, 40.68], [23.31, 19.81], [38.39, 37.09], [37.71, 38.4], [35.98, 19.92], [38.28, 34.05], [14.06, 39.28], [37.03, 14.86], [25.32, 25.76], [31.22, 49.02], [15.1, 46.58], [37.19, 12.46], [4.44, 17.04], [36.19, 29.33], [25.96, 27.65], [8.02, 36.12], [23.64, 13.03], [22.54, 12.4], [20.9, 10.52], [48.59, 13.0], [4.35, 2.92], [43.99, 43.97], [40.54, 35.32], [8.01, 28.77], [35.07, 36.48], [22.53, 14.59], [25.61, 39.03], [0.45, 18.57], [18.38, 29.03], [35.49, 7.66], [47.01, 32.93], [45.2, 41.6], [22.92, 30.22], [49.77, 18.44], [14.88, 19.83], [11.09, 11.17], [39.34, 4.69], [18.02, 14.03], [30.54, 0.7], [45.7, 47.72], [21.64, 35.0], [49.71, 0.38], [7.91, 1.82], [32.93, 39.47], [22.2, 9.85], [17.55, 45.08], [26.55, 8.39], [11.53, 23.18], [32.32, 28.18], [39.37, 47.72], [7.01, 41.75], [23.34, 32.41], [23.36, 5.23], [16.14, 36.71], [10.12, 5.73], [16.07, 5.24], [31.93, 40.33], [18.12, 27.39], [3.21, 9.02], [19.93, 27.93], [6.46, 33.6], [0.07, 15.15], [26.83, 29.94], [31.76, 32.61], [22.21, 24.42], [15.07, 25.97], [42.69, 17.42], [15.24, 5.01], [16.85, 11.39], [12.23, 44.85], [30.67, 43.65], [5.97, 42.49], [47.87, 0.92], [45.26, 3.79], [25.81, 17.48], [41.02, 45.82], [31.08, 14.02], [43.23, 14.42], [30.76, 41.45], [6.53, 35.46], [48.28, 18.56], [4.21, 38.06], [31.94, 49.41], [32.48, 5.1], [44.93, 49.41], [25.3, 38.67], [1.54, 39.11], [38.53, 19.7], [48.83, 3.31], [18.31, 21.91], [37.52, 9.66], [45.25, 25.92], [32.46, 48.09], [23.44, 44.9], [2.92, 39.48], [17.41, 37.76], [6.36, 9.5], [25.47, 49.54], [36.52, 17.03], [16.35, 3.77], [27.85, 31.08], [27.21, 36.4], [33.87, 46.86], [7.85, 49.75], [1.6, 26.78], [8.73, 41.53], [17.14, 37.91], [11.64, 1.68], [29.7, 38.32], [7.53, 42.69], [7.26, 28.36], [40.56, 34.33], [0.38, 7.13], [39.36, 8.02], [21.76, 30.37], [32.9, 20.03], [46.56, 30.48], [21.38, 47.23], [17.11, 44.28], [4.18, 20.48], [10.63, 22.24], [9.19, 5.27], [38.25, 15.03], [40.96, 0.22], [13.94, 37.56], [2.74, 42.48], [24.72, 9.54], [40.02, 11.54], [4.12, 2.86], [21.31, 34.17], [33.47, 34.5], [46.48, 9.3], [14.41, 13.78], [24.54, 46.72], [33.83, 31.7], [9.0, 0.09], [22.8, 27.88], [14.62, 38.88], [27.62, 22.08], [37.01, 42.33], [11.12, 44.56], [27.65, 42.69], [3.27, 7.71], [26.25, 10.39], [9.15, 11.68], [4.52, 32.7], [9.54, 27.9], [29.13, 1.02], [4.86, 45.51], [46.18, 46.45], [31.53, 25.66], [40.31, 41.59], [6.33, 36.61], [22.95, 33.32], [42.03, 33.41], [18.53, 22.53], [14.4, 31.2], [11.09, 4.78], [20.27, 21.02], [6.15, 5.6], [18.48, 40.36], [35.99, 35.85], [13.91, 30.21], [6.52, 0.25], [35.79, 19.67], [1.13, 21.94], [35.87, 34.3], [34.67, 42.94], [16.16, 22.76], [7.89, 13.09], [46.47, 18.92], [33.62, 4.07], [18.99, 48.31], [17.26, 34.41], [42.51, 26.79], [6.54, 42.91], [45.65, 18.15], [27.99, 40.4]]

N=200
The variance of this potential is 0.0055400207978845905
The standard deviation of this potential is 0.07443131597576783

If I were using sigma=2, then I would get the following variance and std:
The averaged variance for 1 runs and for Gaussians with sigma 2 is 0.0014227006642918937
The averaged std for 1 runs and for Gaussians with sigma 2 Gaussians is 0.03771870443549054
